63
-103
109
93
-94
123
0
0
0
48
0
0
0
0
0
0
0
0
0
0
0
0
0
0
0
0
0
0
123
20
-82
71
-31
122
-124
63
97
98
99
0
0
0
0
0
0
0
0
0
0
0
0
0
25
-23
37
94
-94
123
0
0
1
49
10
0
2
0
0
0
1
0
0
0
0
0
0
0
-51
-52
-52
61
123
20
-82
71
-31
122
-108
63
100
101
102
103
0
0
0
0
0
0
0
0
0
0
0
0
10
7
63
94
-94
123
0
0
0
50
20
0
4
0
0
0
10
0
0
0
0
0
0
0
-51
-52
76
62
-72
30
-123
-21
81
-72
-98
63
104
105
106
107
108
0
0
0
0
0
0
0
0
0
0
0
118
-77
77
94
-94
123
0
0
1
51
30
0
6
0
0
0
100
0
0
0
0
0
0
0
-102
-103
-103
62
123
20
-82
71
-31
122
-92
63
109
110
111
112
113
114
0
0
0
0
0
0
0
0
0
0
65
98
100
94
-94
123
0
0
0
52
40
0
8
0
0
0
-24
3
0
0
0
0
0
0
-51
-52
-52
62
-102
-103
-103
-103
-103
-103
-87
63
115
116
117
118
119
120
0
0
0
0
0
0
0
0
0
0
-55
-32
-128
94
-94
123
0
0
1
53
50
0
10
0
0
0
16
39
0
0
0
0
0
0
0
0
0
63
-72
30
-123
-21
81
-72
-82
63
121
121
121
0
0
0
0
0
0
0
0
0
0
0
0
0
24
4
-112
94
-94
123
0
0
0
54
60
0
12
0
0
0
-96
-122
1
0
0
0
0
0
-102
-103
25
63
-20
81
-72
30
-123
-21
-79
63
122
122
122
0
0
0
0
0
0
0
0
0
0
0
0
0
-88
34
-93
94
-94
123
0
0
1
55
70
0
14
0
0
0
64
66
15
0
0
0
0
0
51
51
51
63
123
20
-82
71
-31
122
-76
63
122
122
122
0
0
0
0
0
0
0
0
0
0
0
0
0
